feature	score	p-value	mean+-pos	mean+-neg
cgaaactc	9708.99	0.0	146.447332421	137.399448235	87.8710191083	104.316646147
tcgaaact	9676.07	0.0	146.14500684	137.332037093	87.724522293	104.222197582
gccctcga	7760.32	0.0	222.467852257	151.821994168	156.089171975	129.534977978
ccctcgaa	7748.97	0.0	222.203830369	151.661137817	155.912420382	129.327290478
gaaactct	7728.46	0.0	108.068399453	124.277746945	63.3503184713	94.1447331514
cctcgaaa	7483.13	0.0	229.079343365	152.892930349	162.777070064	130.746258303
ctcgaaac	7480.86	0.0	229.213406293	153.001581265	162.899681529	130.876933733
atctacct	7222.9	0.0	99.0109439124	137.122210324	57.6751592357	105.278352101
ctatctac	7039.27	0.0	97.3584131327	136.810232814	56.8742038217	104.858875909
tatctacc	7036.32	0.0	97.2079343365	136.572958178	56.7659235669	104.649008373
ttttccct	6848.23	0.0	112.703146375	136.036551491	69.3582802548	106.211695133
tttccctg	6711.81	0.0	119.352941176	138.145806818	75.0302547771	108.199556326
caaggtta	6703.4	0.0	143.459644323	135.302769161	94.4920382166	106.988741001
tccacccg	6619.49	0.0	101.255813953	134.369099656	61.0095541401	103.856849228
atccaccc	6611.52	0.0	102.500683995	134.621914446	62.0047770701	104.133480804
ttgcccaa	6584.78	0.0	109.812585499	134.267671303	67.8312101911	105.399317341
ccacccgc	6582.92	0.0	105.993160055	134.575163553	64.8248407643	104.241854472
acaaggtt	6568.26	0.0	97.0670314637	134.508782129	57.8837579618	102.745809919
attgccca	6561.01	0.0	110.132694938	134.642761508	68.152866242	105.686136435
cacccgct	6522.87	0.0	101.124487004	135.074593931	61.1719745223	104.512269011
cccgacaa	6477.12	0.0	92.976744186	131.536092557	54.9522292994	99.8402590932
ccccgaca	6474.98	0.0	93.1668946648	131.711441214	55.1050955414	99.8978225097
cggaagtc	6451.86	0.0	123.636114911	136.854287627	79.2547770701	110.240741452
ggaagtcc	6449.56	0.0	123.607387141	136.824781958	79.2388535032	110.215886673
ctcggaag	6445.56	0.0	123.615595075	136.68241812	79.2579617834	110.274413145
tcggaagt	6440.5	0.0	123.562243502	136.622578756	79.2308917197	110.251821776
actcggaa	6431.1	0.0	123.60875513	136.476523459	79.2977707006	109.99355306
gaagtcca	6419.22	0.0	124.17373461	135.978255965	79.7898089172	109.596554984
aattgccc	6366.88	0.0	112.496580027	135.380583981	70.5987261146	107.339176687
ccgacaag	6359.04	0.0	93.6922024624	131.500868621	55.8200636943	100.360946258
gacaaggt	6324.67	0.0	93.6128590971	131.174101573	55.8503184713	100.081908572
cgacaagg	6304.74	0.0	94.7140902873	130.999969951	56.7611464968	100.093954048
aagtccaa	6180.5	0.0	126.339261286	133.887256117	82.3025477707	107.434030387
agtccaag	6129.75	0.0	127.093023256	133.813924721	83.0796178344	107.413733859
tacctccg	6069.3	0.0	143.374829001	138.423700244	96.601910828	108.723869236
ctctatct	5786.67	0.0	72.1874145007	118.490051787	40.7579617834	86.2073785597
tctatcta	5772.53	0.0	71.9302325581	118.085384037	40.597133758	85.907955806
cacccccc	5665.36	0.0	81.0259917921	117.620285122	47.8343949045	85.7990428832
gacacccc	5659.87	0.0	71.5581395349	114.91412531	40.5875796178	83.061141082
atgccctc	5609.93	0.0	145.073871409	138.13292836	99.6767515924	113.112222195
cgacaccc	5592.0	0.0	72.7742818057	115.086476476	41.6799363057	83.0076225032
tgccctcg	5591.4	0.0	143.92749658	138.478468091	98.7929936306	113.435488339
cccccgac	5590.76	0.0	72.6032831737	115.105144059	41.5525477707	82.8429877209
aaactcta	5586.49	0.0	74.9384404925	116.743280211	43.3487261146	84.8720339574
actctatc	5582.35	0.0	75.0328317373	117.266292373	43.4315286624	85.2143237987
aactctat	5571.51	0.0	74.8372093023	116.938790611	43.3089171975	84.9953733292
acaccccc	5562.25	0.0	80.5006839945	117.720359772	47.699044586	86.0974129773
gttttccc	5553.73	0.0	88.1874145007	119.048997972	53.7197452229	88.312548206
ccccccga	5552.03	0.0	72.5526675787	115.048973824	41.6098726115	82.7814194473
agttttcc	5526.78	0.0	87.8440492476	118.590399821	53.525477707	87.9829944516
ttccctgt	5506.94	0.0	90.952120383	118.0659889	56.0286624204	87.3557544807
gcccaatg	5333.42	0.0	74.5471956224	115.481061995	43.6942675159	84.0094142753
cccaatgc	5331.29	0.0	75.8618331053	115.609696725	44.7149681529	84.0601276622
aggttacc	5291.17	0.0	71.8426812585	113.592119028	41.7213375796	80.7506998853
tgcccaat	5272.22	0.0	73.6935704514	115.305063523	43.1942675159	84.3788497528
accccccg	5265.08	0.0	74.7688098495	113.631077573	44.0429936306	82.3095547384
aaggttac	5256.12	0.0	71.6415868673	113.189574378	41.6560509554	80.3599754113
taattgcc	5161.17	0.0	84.0930232558	115.358180527	51.6050955414	86.8587885364
tccctgta	5132.1	0.0	95.3488372093	116.961614282	60.6369426752	87.1703729593
aaagtttt	5068.06	0.0	94.4514363885	116.941594657	60.1146496815	90.2508689129
aagttttc	5065.42	0.0	94.6935704514	117.197212163	60.3168789809	90.4707780978
gttaccgc	4860.06	0.0	68.9917920657	110.413164813	40.6353503185	79.1120254576
ggttaccg	4839.11	0.0	68.830369357	110.265349433	40.5652866242	79.0234618395
ttaccgcg	4837.97	0.0	68.7606019152	110.089685521	40.5143312102	78.736872033
gtccaagg	4822.43	0.0	101.808481532	117.294216502	66.8407643312	91.2809416734
taccgcga	4819.83	0.0	68.6374829001	109.892367022	40.4665605096	78.5279606353
accgcgac	4774.01	0.0	69.4541723666	110.021532619	41.2197452229	79.0967084755
gatgccct	4640.6	0.0	111.343365253	123.749586164	75.2786624204	96.8607431184
ctcgacac	4633.44	0.0	99.5512995896	119.050638309	65.6321656051	90.2145004926
tcgacaca	4599.41	0.0	98.7824897401	118.444318802	65.1194267516	89.7499892926
cgacacag	4579.26	0.0	98.7660738714	118.286853673	65.173566879	89.6275030406
cccgctaa	4532.84	0.0	99.4404924761	116.713008484	65.8805732484	85.3934323296
acccgcta	4532.11	0.0	99.0807113543	116.646485221	65.5891719745	85.4435412203
caaagttt	4487.82	0.0	102.062927497	115.740895972	68.1815286624	89.701001082
aatgctag	4482.22	0.0	80.4569083447	114.20188398	50.7054140127	81.8234516006
caatgcta	4475.15	0.0	76.4363885089	114.850106274	47.5286624204	83.3436642818
gcgacacc	4164.53	0.0	33.3187414501	67.0848201614	15.7006369427	41.6093012275
gtaattgc	3997.72	0.0	92.4008207934	112.439602632	61.9538216561	87.4788751645
acctccgg	3960.49	0.0	115.388508892	114.440658781	81.2165605096	88.2928370598
tgtaattg	3827.48	0.0	99.7606019152	112.385446194	68.6560509554	88.3256469867
gcaaagtt	3734.04	0.0	129.396716826	113.043960507	94.0445859873	88.9477656744
ccaatgct	3702.71	0.0	90.1258549932	112.155088669	61.1257961783	82.1965279508
gcgcaaag	3661.78	0.0	115.221614227	118.100250133	82.2961783439	92.5575815855
gtggcgac	3611.52	0.0	17.9630642955	58.3376182709	6.35668789809	31.298849766
acgtggcg	3607.27	0.0	18.0027359781	58.2781198547	6.38694267516	31.2555465888
ctccgtgc	3604.08	0.0	18.92749658	60.6801526577	6.96974522293	30.4363286839
tggcgaca	3495.81	0.0	17.9138166895	57.9152592238	6.48089171975	31.1913339952
ccgtgcgt	3485.25	0.0	16.4829001368	59.1529416093	5.60987261146	29.966792098
cgtgcgta	3484.01	0.0	16.3994528044	58.964564932	5.56050955414	29.8876532418
cgtggcga	3478.12	0.0	18.0177838577	58.362455006	6.57006369427	31.6068080326
gtgcgtaa	3474.61	0.0	16.340629275	58.7561934135	5.53662420382	29.7883766725
tccgtgcg	3444.44	0.0	17.0875512996	59.3463298176	6.03503184713	30.1278916549
gcctaact	3378.16	0.0	105.813953488	115.183067859	75.5127388535	89.4954443036
gtaacgtc	3374.05	0.0	16.6880984952	58.9424223035	5.88057324841	30.0838012942
cctacctg	3344.25	0.0	17.6224350205	59.3971975377	6.50477707006	30.2438335471
tgcctacc	3333.06	0.0	17.2462380301	59.3308523211	6.28343949045	30.2315255944
gcctacct	3282.05	0.0	17.4610123119	59.3045611205	6.48885350318	30.2266102123
gaaactca	3270.7	0.0	19.9329685363	57.6842401959	8.09872611465	27.0032399265
aaactcac	3236.73	0.0	19.7400820793	57.7488621073	8.02388535032	27.0401518423
